1 57 89
2 1 24
3 7 91
4 18 32
5 23 92
6 18 18
7 3 36
8 41 31
9 47 97
10 23 66
11 74 5
12 82 48
13 7 42
14 54 48
15 91 63
16 91 90
17 30 77
18 16 38
19 44 17
20 68 87
21 39 13
22 47 69
23 28 90
24 44 90
25 90 73
26 39 3
27 34 98
28 32 76
29 38 58
30 73 53
31 73 67
32 40 72
33 70 4
34 14 14
35 88 97
36 79 53
37 49 68
38 66 47
39 55 38
40 83 76
41 68 26
42 58 53
43 69 73
44 45 7
45 32 48
46 72 3
47 88 36
48 68 73
49 49 90
50 88 85
51 80 94
52 11 7
53 16 4
54 65 24
55 18 75
56 0 72
57 28 64
58 28 30
59 73 94
60 11 66
61 21 77
62 87 68
63 82 22
64 21 19
65 42 67
66 93 23
67 70 10
68 42 19
69 23 67
70 19 96
71 74 54
72 40 55
73 0 12
74 39 18
75 40 25
76 20 5
77 79 90
78 79 40
79 64 87
80 33 77
81 50 37
82 27 54
83 12 23
84 96 44
85 20 45
86 4 69
87 63 61
88 73 64
89 57 85
90 35 6
91 4 58
92 61 16
93 36 91
94 39 48
95 49 70
96 35 86
97 68 46
98 97 77
99 7 61
100 90 49
